{
 "cells": [
  {
   "cell_type": "markdown",
   "metadata": {
    "id": "6aRvzWzbhcnp"
   },
   "source": [
    "#Data Acquisition Case Study"
   ]
  },
  {
   "cell_type": "code",
   "execution_count": 69,
   "metadata": {},
   "outputs": [],
   "source": [
    "import os\n",
    "from pathlib import Path"
   ]
  },
  {
   "cell_type": "markdown",
   "metadata": {
    "id": "734JDyUNq8fH"
   },
   "source": [
    "## Q1. Write Python code to create a new file named \"sample_data.txt\" in your documents folder and write the following content to it\n",
    "\n",
    "ICTAK\n",
    "\n",
    "Thejaswini,\n",
    "\n",
    "Technopark Rd,\n",
    "\n",
    "Technopark Campus,\n",
    "\n",
    "Thiruvananthapuram,\n",
    "\n",
    "Kerala 695581"
   ]
  },
  {
   "cell_type": "code",
   "execution_count": 70,
   "metadata": {
    "id": "ieKhqBr-nl7s"
   },
   "outputs": [],
   "source": [
    "with open(\"sample_data.txt\", \"w\") as file:\n",
    "    file.write(\"\"\"ICTAK\n",
    "\n",
    "Thejaswini,\n",
    "\n",
    "Technopark Rd,\n",
    "\n",
    "Technopark Campus,\n",
    "\n",
    "Thiruvananthapuram,\n",
    "\n",
    "Kerala 695581\"\"\")"
   ]
  },
  {
   "cell_type": "code",
   "execution_count": 71,
   "metadata": {},
   "outputs": [
    {
     "data": {
      "text/plain": [
       "['Practice_Reading_And Writing_Data.ipynb',\n",
       " 'array.txt',\n",
       " '.DS_Store',\n",
       " 'corr.csv',\n",
       " 'requirements.txt',\n",
       " 'example.db',\n",
       " 'arrays.npz',\n",
       " 'Data_Acquisition_Case_Study.ipynb',\n",
       " '__pycache__',\n",
       " 'data.xlsx',\n",
       " 'data.csv',\n",
       " 'Day_18_Pandas_Reading_data_PySpark.pdf',\n",
       " 'sample_write.txt',\n",
       " '.venv',\n",
       " 'helper.py',\n",
       " 'sample.jpg',\n",
       " 'bike+sharing+dataset',\n",
       " 'download_list.csv',\n",
       " 'Classwork_Reading_and_Writing_Data.ipynb',\n",
       " '.ipynb_checkpoints',\n",
       " 'sample_data.txt',\n",
       " 'main.py',\n",
       " 'array.npy',\n",
       " 'random.txt',\n",
       " 'Data',\n",
       " 'random_array.npy',\n",
       " 'sample.txt']"
      ]
     },
     "execution_count": 71,
     "metadata": {},
     "output_type": "execute_result"
    }
   ],
   "source": [
    "os.listdir()"
   ]
  },
  {
   "cell_type": "markdown",
   "metadata": {
    "id": "aJ6hQOJpimNv"
   },
   "source": [
    "## Q2. Write Python code to read and print the contents in \"sample_data.txt\""
   ]
  },
  {
   "cell_type": "code",
   "execution_count": 72,
   "metadata": {},
   "outputs": [
    {
     "name": "stdout",
     "output_type": "stream",
     "text": [
      "ICTAK\n",
      "\n",
      "Thejaswini,\n",
      "\n",
      "Technopark Rd,\n",
      "\n",
      "Technopark Campus,\n",
      "\n",
      "Thiruvananthapuram,\n",
      "\n",
      "Kerala 695581\n"
     ]
    }
   ],
   "source": [
    "with open(\"sample_data.txt\",\"r\") as file:\n",
    "    data = file.read()\n",
    "    print(data)"
   ]
  },
  {
   "cell_type": "markdown",
   "metadata": {
    "id": "9aHquDcErda-"
   },
   "source": [
    "## Q3. Write Python code to check if \"sample_data.txt\" exists in documents folder"
   ]
  },
  {
   "cell_type": "code",
   "execution_count": 73,
   "metadata": {
    "id": "vY5TEsxunsKh"
   },
   "outputs": [
    {
     "name": "stdout",
     "output_type": "stream",
     "text": [
      "True\n"
     ]
    }
   ],
   "source": [
    "print(os.path.exists(\"sample_data.txt\"))"
   ]
  },
  {
   "cell_type": "markdown",
   "metadata": {
    "id": "BCWITkmopblI"
   },
   "source": [
    "## Q4: Save the following dataframe content to a CSV file (data.csv) in your downloads folder"
   ]
  },
  {
   "cell_type": "code",
   "execution_count": 74,
   "metadata": {
    "id": "r3THwBOGpP9F"
   },
   "outputs": [],
   "source": [
    "import pandas as pd\n",
    "\n",
    "data = {\"Id\": [1, 2, 3],\n",
    "        \"Name\": [\"Alice\", \"Bob\", \"Charlie\"],\n",
    "        \"Subject\": [\"Science\", \"Maths\", \"History\"]}\n",
    "df = pd.DataFrame(data)"
   ]
  },
  {
   "cell_type": "code",
   "execution_count": 75,
   "metadata": {
    "id": "Joc7XafnntaG"
   },
   "outputs": [],
   "source": [
    "df.to_csv(\"data.csv\", index=False)"
   ]
  },
  {
   "cell_type": "code",
   "execution_count": 76,
   "metadata": {},
   "outputs": [
    {
     "data": {
      "text/plain": [
       "['Practice_Reading_And Writing_Data.ipynb',\n",
       " 'array.txt',\n",
       " '.DS_Store',\n",
       " 'corr.csv',\n",
       " 'requirements.txt',\n",
       " 'example.db',\n",
       " 'arrays.npz',\n",
       " 'Data_Acquisition_Case_Study.ipynb',\n",
       " '__pycache__',\n",
       " 'data.xlsx',\n",
       " 'data.csv',\n",
       " 'Day_18_Pandas_Reading_data_PySpark.pdf',\n",
       " 'sample_write.txt',\n",
       " '.venv',\n",
       " 'helper.py',\n",
       " 'sample.jpg',\n",
       " 'bike+sharing+dataset',\n",
       " 'download_list.csv',\n",
       " 'Classwork_Reading_and_Writing_Data.ipynb',\n",
       " '.ipynb_checkpoints',\n",
       " 'sample_data.txt',\n",
       " 'main.py',\n",
       " 'array.npy',\n",
       " 'random.txt',\n",
       " 'Data',\n",
       " 'random_array.npy',\n",
       " 'sample.txt']"
      ]
     },
     "execution_count": 76,
     "metadata": {},
     "output_type": "execute_result"
    }
   ],
   "source": [
    "os.listdir()"
   ]
  },
  {
   "cell_type": "markdown",
   "metadata": {
    "id": "VF0nJjGElq0A"
   },
   "source": [
    "## Q5: Save the above dataframe content to an Excel (data.xlsx, sheet name: Sheet1) file in your documents folder"
   ]
  },
  {
   "cell_type": "code",
   "execution_count": 77,
   "metadata": {
    "id": "ZtOFb7ZJnu1m"
   },
   "outputs": [
    {
     "data": {
      "text/plain": [
       "['Practice_Reading_And Writing_Data.ipynb',\n",
       " 'array.txt',\n",
       " '.DS_Store',\n",
       " 'corr.csv',\n",
       " 'requirements.txt',\n",
       " 'example.db',\n",
       " 'arrays.npz',\n",
       " 'Data_Acquisition_Case_Study.ipynb',\n",
       " '__pycache__',\n",
       " 'data.xlsx',\n",
       " 'data.csv',\n",
       " 'Day_18_Pandas_Reading_data_PySpark.pdf',\n",
       " 'sample_write.txt',\n",
       " '.venv',\n",
       " 'helper.py',\n",
       " 'sample.jpg',\n",
       " 'bike+sharing+dataset',\n",
       " 'download_list.csv',\n",
       " 'Classwork_Reading_and_Writing_Data.ipynb',\n",
       " '.ipynb_checkpoints',\n",
       " 'sample_data.txt',\n",
       " 'main.py',\n",
       " 'array.npy',\n",
       " 'random.txt',\n",
       " 'Data',\n",
       " 'random_array.npy',\n",
       " 'sample.txt']"
      ]
     },
     "execution_count": 77,
     "metadata": {},
     "output_type": "execute_result"
    }
   ],
   "source": [
    "df.to_excel(\"data.xlsx\", sheet_name=\"Sheet1\", index=False)\n",
    "os.listdir()"
   ]
  },
  {
   "cell_type": "markdown",
   "metadata": {
    "id": "amF6kxMQmdgF"
   },
   "source": [
    "## Q6. Write code to get the list of files in your Downloads folder and save it to a CSV file name \"download_list.csv\""
   ]
  },
  {
   "cell_type": "code",
   "execution_count": 78,
   "metadata": {
    "id": "nVP86z3dnvwz"
   },
   "outputs": [
    {
     "data": {
      "text/plain": [
       "['Practice_Reading_And Writing_Data.ipynb',\n",
       " 'array.txt',\n",
       " '.DS_Store',\n",
       " 'corr.csv',\n",
       " 'requirements.txt',\n",
       " 'example.db',\n",
       " 'arrays.npz',\n",
       " 'Data_Acquisition_Case_Study.ipynb',\n",
       " '__pycache__',\n",
       " 'data.xlsx',\n",
       " 'data.csv',\n",
       " 'Day_18_Pandas_Reading_data_PySpark.pdf',\n",
       " 'sample_write.txt',\n",
       " '.venv',\n",
       " 'helper.py',\n",
       " 'sample.jpg',\n",
       " 'bike+sharing+dataset',\n",
       " 'download_list.csv',\n",
       " 'Classwork_Reading_and_Writing_Data.ipynb',\n",
       " '.ipynb_checkpoints',\n",
       " 'sample_data.txt',\n",
       " 'main.py',\n",
       " 'array.npy',\n",
       " 'random.txt',\n",
       " 'Data',\n",
       " 'random_array.npy',\n",
       " 'sample.txt']"
      ]
     },
     "execution_count": 78,
     "metadata": {},
     "output_type": "execute_result"
    }
   ],
   "source": [
    "files = os.listdir(os.path.join(Path.home(), \"Downloads\"))\n",
    "df = pd.DataFrame(files, columns=[\"File Name\"])\n",
    "df.to_csv(\"download_list.csv\", index=False)\n",
    "os.listdir()"
   ]
  },
  {
   "cell_type": "markdown",
   "metadata": {
    "id": "vR7I4R5bnV2w"
   },
   "source": [
    "## Q7. Write Python code to save the contents of the given random_array variable as a numpy file"
   ]
  },
  {
   "cell_type": "code",
   "execution_count": 79,
   "metadata": {
    "id": "vHXYRxnDnJzA"
   },
   "outputs": [],
   "source": [
    "import numpy as np\n",
    "random_array = np.random.rand(10, 10)"
   ]
  },
  {
   "cell_type": "code",
   "execution_count": 80,
   "metadata": {
    "id": "ihhSKJF9n3NP"
   },
   "outputs": [
    {
     "data": {
      "text/plain": [
       "['Practice_Reading_And Writing_Data.ipynb',\n",
       " 'array.txt',\n",
       " '.DS_Store',\n",
       " 'corr.csv',\n",
       " 'requirements.txt',\n",
       " 'example.db',\n",
       " 'arrays.npz',\n",
       " 'Data_Acquisition_Case_Study.ipynb',\n",
       " '__pycache__',\n",
       " 'data.xlsx',\n",
       " 'data.csv',\n",
       " 'Day_18_Pandas_Reading_data_PySpark.pdf',\n",
       " 'sample_write.txt',\n",
       " '.venv',\n",
       " 'helper.py',\n",
       " 'sample.jpg',\n",
       " 'bike+sharing+dataset',\n",
       " 'download_list.csv',\n",
       " 'Classwork_Reading_and_Writing_Data.ipynb',\n",
       " '.ipynb_checkpoints',\n",
       " 'sample_data.txt',\n",
       " 'main.py',\n",
       " 'array.npy',\n",
       " 'random.txt',\n",
       " 'Data',\n",
       " 'random_array.npy',\n",
       " 'sample.txt']"
      ]
     },
     "execution_count": 80,
     "metadata": {},
     "output_type": "execute_result"
    }
   ],
   "source": [
    "np.save(\"random_array.npy\", random_array)\n",
    "os.listdir()"
   ]
  },
  {
   "cell_type": "markdown",
   "metadata": {
    "id": "V7XfHgGAzNIl"
   },
   "source": [
    "## Q8. Write python code to save the contents of the above numpy file as text file named \"random.txt\" with a delimitter of \";\" to Documents folder"
   ]
  },
  {
   "cell_type": "code",
   "execution_count": 81,
   "metadata": {
    "id": "Du3LRbaKbpeg"
   },
   "outputs": [
    {
     "data": {
      "text/plain": [
       "['Practice_Reading_And Writing_Data.ipynb',\n",
       " 'array.txt',\n",
       " '.DS_Store',\n",
       " 'corr.csv',\n",
       " 'requirements.txt',\n",
       " 'example.db',\n",
       " 'arrays.npz',\n",
       " 'Data_Acquisition_Case_Study.ipynb',\n",
       " '__pycache__',\n",
       " 'data.xlsx',\n",
       " 'data.csv',\n",
       " 'Day_18_Pandas_Reading_data_PySpark.pdf',\n",
       " 'sample_write.txt',\n",
       " '.venv',\n",
       " 'helper.py',\n",
       " 'sample.jpg',\n",
       " 'bike+sharing+dataset',\n",
       " 'download_list.csv',\n",
       " 'Classwork_Reading_and_Writing_Data.ipynb',\n",
       " '.ipynb_checkpoints',\n",
       " 'sample_data.txt',\n",
       " 'main.py',\n",
       " 'array.npy',\n",
       " 'random.txt',\n",
       " 'Data',\n",
       " 'random_array.npy',\n",
       " 'sample.txt']"
      ]
     },
     "execution_count": 81,
     "metadata": {},
     "output_type": "execute_result"
    }
   ],
   "source": [
    "np.savetxt(\"random.txt\", random_array, delimiter=\";\")\n",
    "os.listdir()"
   ]
  },
  {
   "cell_type": "markdown",
   "metadata": {
    "id": "nJSaX0Rg151y"
   },
   "source": [
    "## Download and analyze Bike Sharing Dataset (hour.csv) for UCI Irvin Repository (https://archive.ics.uci.edu/dataset/275/bike+sharing+dataset) and answer the following questions"
   ]
  },
  {
   "cell_type": "markdown",
   "metadata": {
    "id": "-wt4mxq32U6H"
   },
   "source": [
    "## Q9. What is the size of the dataset? (Number of rows and columns)\n",
    "\n"
   ]
  },
  {
   "cell_type": "code",
   "execution_count": 82,
   "metadata": {
    "id": "Pj0I0JhF2EEg"
   },
   "outputs": [
    {
     "name": "stdout",
     "output_type": "stream",
     "text": [
      "hour.csv : \n",
      "No. of rows =  17379 \n",
      "No. of columns =  17\n"
     ]
    }
   ],
   "source": [
    "# df_day = pd.read_csv(os.path.join(\"bike+sharing+dataset\", \"day.csv\"))\n",
    "df_hour = pd.read_csv(os.path.join(\"bike+sharing+dataset\", \"hour.csv\"))\n",
    "# print(\"day.csv : \", df_day.shape)\n",
    "print(\"hour.csv :\", \"\\nNo. of rows = \", df_hour.shape[0] ,\"\\nNo. of columns = \", df_hour.shape[1])"
   ]
  },
  {
   "cell_type": "markdown",
   "metadata": {
    "id": "GbDnC_i438m8"
   },
   "source": [
    "## Q10. What are the data types of each column?\n"
   ]
  },
  {
   "cell_type": "code",
   "execution_count": 83,
   "metadata": {
    "id": "_YJIqJEZ3-DC"
   },
   "outputs": [
    {
     "data": {
      "text/plain": [
       "instant         int64\n",
       "dteday         object\n",
       "season          int64\n",
       "yr              int64\n",
       "mnth            int64\n",
       "hr              int64\n",
       "holiday         int64\n",
       "weekday         int64\n",
       "workingday      int64\n",
       "weathersit      int64\n",
       "temp          float64\n",
       "atemp         float64\n",
       "hum           float64\n",
       "windspeed     float64\n",
       "casual          int64\n",
       "registered      int64\n",
       "cnt             int64\n",
       "dtype: object"
      ]
     },
     "execution_count": 83,
     "metadata": {},
     "output_type": "execute_result"
    }
   ],
   "source": [
    "df_hour.dtypes"
   ]
  },
  {
   "cell_type": "markdown",
   "metadata": {
    "id": "zi0jHMq-3_NI"
   },
   "source": [
    "## Q11. Are there any missing values in the dataset? If so, which columns have missing values and how many?"
   ]
  },
  {
   "cell_type": "code",
   "execution_count": 84,
   "metadata": {
    "id": "mct7F2M-3-kQ"
   },
   "outputs": [
    {
     "data": {
      "text/plain": [
       "instant       0\n",
       "dteday        0\n",
       "season        0\n",
       "yr            0\n",
       "mnth          0\n",
       "hr            0\n",
       "holiday       0\n",
       "weekday       0\n",
       "workingday    0\n",
       "weathersit    0\n",
       "temp          0\n",
       "atemp         0\n",
       "hum           0\n",
       "windspeed     0\n",
       "casual        0\n",
       "registered    0\n",
       "cnt           0\n",
       "dtype: int64"
      ]
     },
     "execution_count": 84,
     "metadata": {},
     "output_type": "execute_result"
    }
   ],
   "source": [
    "df_hour.isna().sum()"
   ]
  },
  {
   "cell_type": "markdown",
   "metadata": {
    "id": "Ew__56Iq4BMK"
   },
   "source": [
    "## Q.12. For the windspeed column, calculate the mean, median, and standard deviation."
   ]
  },
  {
   "cell_type": "code",
   "execution_count": 85,
   "metadata": {
    "id": "ucijLTNA4Clr"
   },
   "outputs": [
    {
     "name": "stdout",
     "output_type": "stream",
     "text": [
      "Mean:  0.1900976063064618\n",
      "Median:  0.194\n",
      "Standrad Deviation:  0.12234022857279413\n"
     ]
    }
   ],
   "source": [
    "print(\"Mean: \", df_hour[\"windspeed\"].mean())\n",
    "print(\"Median: \", df_hour[\"windspeed\"].median())\n",
    "print(\"Standrad Deviation: \", df_hour[\"windspeed\"].std())"
   ]
  },
  {
   "cell_type": "markdown",
   "metadata": {
    "id": "3dHaYtuP4C78"
   },
   "source": [
    "## Q13. Identify any potential outliers in a numerical column of your choice. Explain your approach.\n"
   ]
  },
  {
   "cell_type": "code",
   "execution_count": 86,
   "metadata": {
    "id": "nVkU-okb4EiU"
   },
   "outputs": [
    {
     "name": "stdout",
     "output_type": "stream",
     "text": [
      "175      0.4925\n",
      "178      0.5522\n",
      "194      0.5224\n",
      "196      0.5224\n",
      "265      0.5821\n",
      "          ...  \n",
      "17327    0.5522\n",
      "17328    0.4925\n",
      "17341    0.5821\n",
      "17343    0.5821\n",
      "17344    0.6567\n",
      "Name: windspeed, Length: 342, dtype: float64\n"
     ]
    }
   ],
   "source": [
    "col = df_hour[\"windspeed\"]\n",
    "Q1 = col.quantile(0.25)\n",
    "Q3 = col.quantile(0.75)\n",
    "IQR = Q3 - Q1\n",
    "outliers = col[(col < Q1 - 1.5 * IQR) | (col > Q3 + 1.5 * IQR)]\n",
    "print(outliers)\n",
    "\n",
    "\n",
    "# Identified outliers using IQR method. \n",
    "# Everything below lower bound and above upper bound are considered to be outliers."
   ]
  },
  {
   "cell_type": "markdown",
   "metadata": {
    "id": "14sUq8ZF4E88"
   },
   "source": [
    "## Q.14 Find the correlation between numerical columns and discuss any interesting relationships."
   ]
  },
  {
   "cell_type": "code",
   "execution_count": 87,
   "metadata": {
    "id": "jnAOuuwt4Hmb"
   },
   "outputs": [
    {
     "data": {
      "text/html": [
       "<div>\n",
       "<style scoped>\n",
       "    .dataframe tbody tr th:only-of-type {\n",
       "        vertical-align: middle;\n",
       "    }\n",
       "\n",
       "    .dataframe tbody tr th {\n",
       "        vertical-align: top;\n",
       "    }\n",
       "\n",
       "    .dataframe thead th {\n",
       "        text-align: right;\n",
       "    }\n",
       "</style>\n",
       "<table border=\"1\" class=\"dataframe\">\n",
       "  <thead>\n",
       "    <tr style=\"text-align: right;\">\n",
       "      <th></th>\n",
       "      <th>instant</th>\n",
       "      <th>season</th>\n",
       "      <th>yr</th>\n",
       "      <th>mnth</th>\n",
       "      <th>hr</th>\n",
       "      <th>holiday</th>\n",
       "      <th>weekday</th>\n",
       "      <th>workingday</th>\n",
       "      <th>weathersit</th>\n",
       "      <th>temp</th>\n",
       "      <th>atemp</th>\n",
       "      <th>hum</th>\n",
       "      <th>windspeed</th>\n",
       "      <th>casual</th>\n",
       "      <th>registered</th>\n",
       "      <th>cnt</th>\n",
       "    </tr>\n",
       "  </thead>\n",
       "  <tbody>\n",
       "    <tr>\n",
       "      <th>instant</th>\n",
       "      <td>1.000000</td>\n",
       "      <td>0.404046</td>\n",
       "      <td>0.866014</td>\n",
       "      <td>0.489164</td>\n",
       "      <td>-0.004775</td>\n",
       "      <td>0.014723</td>\n",
       "      <td>0.001357</td>\n",
       "      <td>-0.003416</td>\n",
       "      <td>-0.014198</td>\n",
       "      <td>0.136178</td>\n",
       "      <td>0.137615</td>\n",
       "      <td>0.009577</td>\n",
       "      <td>-0.074505</td>\n",
       "      <td>0.158295</td>\n",
       "      <td>0.282046</td>\n",
       "      <td>0.278379</td>\n",
       "    </tr>\n",
       "    <tr>\n",
       "      <th>season</th>\n",
       "      <td>0.404046</td>\n",
       "      <td>1.000000</td>\n",
       "      <td>-0.010742</td>\n",
       "      <td>0.830386</td>\n",
       "      <td>-0.006117</td>\n",
       "      <td>-0.009585</td>\n",
       "      <td>-0.002335</td>\n",
       "      <td>0.013743</td>\n",
       "      <td>-0.014524</td>\n",
       "      <td>0.312025</td>\n",
       "      <td>0.319380</td>\n",
       "      <td>0.150625</td>\n",
       "      <td>-0.149773</td>\n",
       "      <td>0.120206</td>\n",
       "      <td>0.174226</td>\n",
       "      <td>0.178056</td>\n",
       "    </tr>\n",
       "    <tr>\n",
       "      <th>yr</th>\n",
       "      <td>0.866014</td>\n",
       "      <td>-0.010742</td>\n",
       "      <td>1.000000</td>\n",
       "      <td>-0.010473</td>\n",
       "      <td>-0.003867</td>\n",
       "      <td>0.006692</td>\n",
       "      <td>-0.004485</td>\n",
       "      <td>-0.002196</td>\n",
       "      <td>-0.019157</td>\n",
       "      <td>0.040913</td>\n",
       "      <td>0.039222</td>\n",
       "      <td>-0.083546</td>\n",
       "      <td>-0.008740</td>\n",
       "      <td>0.142779</td>\n",
       "      <td>0.253684</td>\n",
       "      <td>0.250495</td>\n",
       "    </tr>\n",
       "    <tr>\n",
       "      <th>mnth</th>\n",
       "      <td>0.489164</td>\n",
       "      <td>0.830386</td>\n",
       "      <td>-0.010473</td>\n",
       "      <td>1.000000</td>\n",
       "      <td>-0.005772</td>\n",
       "      <td>0.018430</td>\n",
       "      <td>0.010400</td>\n",
       "      <td>-0.003477</td>\n",
       "      <td>0.005400</td>\n",
       "      <td>0.201691</td>\n",
       "      <td>0.208096</td>\n",
       "      <td>0.164411</td>\n",
       "      <td>-0.135386</td>\n",
       "      <td>0.068457</td>\n",
       "      <td>0.122273</td>\n",
       "      <td>0.120638</td>\n",
       "    </tr>\n",
       "    <tr>\n",
       "      <th>hr</th>\n",
       "      <td>-0.004775</td>\n",
       "      <td>-0.006117</td>\n",
       "      <td>-0.003867</td>\n",
       "      <td>-0.005772</td>\n",
       "      <td>1.000000</td>\n",
       "      <td>0.000479</td>\n",
       "      <td>-0.003498</td>\n",
       "      <td>0.002285</td>\n",
       "      <td>-0.020203</td>\n",
       "      <td>0.137603</td>\n",
       "      <td>0.133750</td>\n",
       "      <td>-0.276498</td>\n",
       "      <td>0.137252</td>\n",
       "      <td>0.301202</td>\n",
       "      <td>0.374141</td>\n",
       "      <td>0.394071</td>\n",
       "    </tr>\n",
       "    <tr>\n",
       "      <th>holiday</th>\n",
       "      <td>0.014723</td>\n",
       "      <td>-0.009585</td>\n",
       "      <td>0.006692</td>\n",
       "      <td>0.018430</td>\n",
       "      <td>0.000479</td>\n",
       "      <td>1.000000</td>\n",
       "      <td>-0.102088</td>\n",
       "      <td>-0.252471</td>\n",
       "      <td>-0.017036</td>\n",
       "      <td>-0.027340</td>\n",
       "      <td>-0.030973</td>\n",
       "      <td>-0.010588</td>\n",
       "      <td>0.003988</td>\n",
       "      <td>0.031564</td>\n",
       "      <td>-0.047345</td>\n",
       "      <td>-0.030927</td>\n",
       "    </tr>\n",
       "    <tr>\n",
       "      <th>weekday</th>\n",
       "      <td>0.001357</td>\n",
       "      <td>-0.002335</td>\n",
       "      <td>-0.004485</td>\n",
       "      <td>0.010400</td>\n",
       "      <td>-0.003498</td>\n",
       "      <td>-0.102088</td>\n",
       "      <td>1.000000</td>\n",
       "      <td>0.035955</td>\n",
       "      <td>0.003311</td>\n",
       "      <td>-0.001795</td>\n",
       "      <td>-0.008821</td>\n",
       "      <td>-0.037158</td>\n",
       "      <td>0.011502</td>\n",
       "      <td>0.032721</td>\n",
       "      <td>0.021578</td>\n",
       "      <td>0.026900</td>\n",
       "    </tr>\n",
       "    <tr>\n",
       "      <th>workingday</th>\n",
       "      <td>-0.003416</td>\n",
       "      <td>0.013743</td>\n",
       "      <td>-0.002196</td>\n",
       "      <td>-0.003477</td>\n",
       "      <td>0.002285</td>\n",
       "      <td>-0.252471</td>\n",
       "      <td>0.035955</td>\n",
       "      <td>1.000000</td>\n",
       "      <td>0.044672</td>\n",
       "      <td>0.055390</td>\n",
       "      <td>0.054667</td>\n",
       "      <td>0.015688</td>\n",
       "      <td>-0.011830</td>\n",
       "      <td>-0.300942</td>\n",
       "      <td>0.134326</td>\n",
       "      <td>0.030284</td>\n",
       "    </tr>\n",
       "    <tr>\n",
       "      <th>weathersit</th>\n",
       "      <td>-0.014198</td>\n",
       "      <td>-0.014524</td>\n",
       "      <td>-0.019157</td>\n",
       "      <td>0.005400</td>\n",
       "      <td>-0.020203</td>\n",
       "      <td>-0.017036</td>\n",
       "      <td>0.003311</td>\n",
       "      <td>0.044672</td>\n",
       "      <td>1.000000</td>\n",
       "      <td>-0.102640</td>\n",
       "      <td>-0.105563</td>\n",
       "      <td>0.418130</td>\n",
       "      <td>0.026226</td>\n",
       "      <td>-0.152628</td>\n",
       "      <td>-0.120966</td>\n",
       "      <td>-0.142426</td>\n",
       "    </tr>\n",
       "    <tr>\n",
       "      <th>temp</th>\n",
       "      <td>0.136178</td>\n",
       "      <td>0.312025</td>\n",
       "      <td>0.040913</td>\n",
       "      <td>0.201691</td>\n",
       "      <td>0.137603</td>\n",
       "      <td>-0.027340</td>\n",
       "      <td>-0.001795</td>\n",
       "      <td>0.055390</td>\n",
       "      <td>-0.102640</td>\n",
       "      <td>1.000000</td>\n",
       "      <td>0.987672</td>\n",
       "      <td>-0.069881</td>\n",
       "      <td>-0.023125</td>\n",
       "      <td>0.459616</td>\n",
       "      <td>0.335361</td>\n",
       "      <td>0.404772</td>\n",
       "    </tr>\n",
       "    <tr>\n",
       "      <th>atemp</th>\n",
       "      <td>0.137615</td>\n",
       "      <td>0.319380</td>\n",
       "      <td>0.039222</td>\n",
       "      <td>0.208096</td>\n",
       "      <td>0.133750</td>\n",
       "      <td>-0.030973</td>\n",
       "      <td>-0.008821</td>\n",
       "      <td>0.054667</td>\n",
       "      <td>-0.105563</td>\n",
       "      <td>0.987672</td>\n",
       "      <td>1.000000</td>\n",
       "      <td>-0.051918</td>\n",
       "      <td>-0.062336</td>\n",
       "      <td>0.454080</td>\n",
       "      <td>0.332559</td>\n",
       "      <td>0.400929</td>\n",
       "    </tr>\n",
       "    <tr>\n",
       "      <th>hum</th>\n",
       "      <td>0.009577</td>\n",
       "      <td>0.150625</td>\n",
       "      <td>-0.083546</td>\n",
       "      <td>0.164411</td>\n",
       "      <td>-0.276498</td>\n",
       "      <td>-0.010588</td>\n",
       "      <td>-0.037158</td>\n",
       "      <td>0.015688</td>\n",
       "      <td>0.418130</td>\n",
       "      <td>-0.069881</td>\n",
       "      <td>-0.051918</td>\n",
       "      <td>1.000000</td>\n",
       "      <td>-0.290105</td>\n",
       "      <td>-0.347028</td>\n",
       "      <td>-0.273933</td>\n",
       "      <td>-0.322911</td>\n",
       "    </tr>\n",
       "    <tr>\n",
       "      <th>windspeed</th>\n",
       "      <td>-0.074505</td>\n",
       "      <td>-0.149773</td>\n",
       "      <td>-0.008740</td>\n",
       "      <td>-0.135386</td>\n",
       "      <td>0.137252</td>\n",
       "      <td>0.003988</td>\n",
       "      <td>0.011502</td>\n",
       "      <td>-0.011830</td>\n",
       "      <td>0.026226</td>\n",
       "      <td>-0.023125</td>\n",
       "      <td>-0.062336</td>\n",
       "      <td>-0.290105</td>\n",
       "      <td>1.000000</td>\n",
       "      <td>0.090287</td>\n",
       "      <td>0.082321</td>\n",
       "      <td>0.093234</td>\n",
       "    </tr>\n",
       "    <tr>\n",
       "      <th>casual</th>\n",
       "      <td>0.158295</td>\n",
       "      <td>0.120206</td>\n",
       "      <td>0.142779</td>\n",
       "      <td>0.068457</td>\n",
       "      <td>0.301202</td>\n",
       "      <td>0.031564</td>\n",
       "      <td>0.032721</td>\n",
       "      <td>-0.300942</td>\n",
       "      <td>-0.152628</td>\n",
       "      <td>0.459616</td>\n",
       "      <td>0.454080</td>\n",
       "      <td>-0.347028</td>\n",
       "      <td>0.090287</td>\n",
       "      <td>1.000000</td>\n",
       "      <td>0.506618</td>\n",
       "      <td>0.694564</td>\n",
       "    </tr>\n",
       "    <tr>\n",
       "      <th>registered</th>\n",
       "      <td>0.282046</td>\n",
       "      <td>0.174226</td>\n",
       "      <td>0.253684</td>\n",
       "      <td>0.122273</td>\n",
       "      <td>0.374141</td>\n",
       "      <td>-0.047345</td>\n",
       "      <td>0.021578</td>\n",
       "      <td>0.134326</td>\n",
       "      <td>-0.120966</td>\n",
       "      <td>0.335361</td>\n",
       "      <td>0.332559</td>\n",
       "      <td>-0.273933</td>\n",
       "      <td>0.082321</td>\n",
       "      <td>0.506618</td>\n",
       "      <td>1.000000</td>\n",
       "      <td>0.972151</td>\n",
       "    </tr>\n",
       "    <tr>\n",
       "      <th>cnt</th>\n",
       "      <td>0.278379</td>\n",
       "      <td>0.178056</td>\n",
       "      <td>0.250495</td>\n",
       "      <td>0.120638</td>\n",
       "      <td>0.394071</td>\n",
       "      <td>-0.030927</td>\n",
       "      <td>0.026900</td>\n",
       "      <td>0.030284</td>\n",
       "      <td>-0.142426</td>\n",
       "      <td>0.404772</td>\n",
       "      <td>0.400929</td>\n",
       "      <td>-0.322911</td>\n",
       "      <td>0.093234</td>\n",
       "      <td>0.694564</td>\n",
       "      <td>0.972151</td>\n",
       "      <td>1.000000</td>\n",
       "    </tr>\n",
       "  </tbody>\n",
       "</table>\n",
       "</div>"
      ],
      "text/plain": [
       "             instant    season        yr      mnth        hr   holiday  \\\n",
       "instant     1.000000  0.404046  0.866014  0.489164 -0.004775  0.014723   \n",
       "season      0.404046  1.000000 -0.010742  0.830386 -0.006117 -0.009585   \n",
       "yr          0.866014 -0.010742  1.000000 -0.010473 -0.003867  0.006692   \n",
       "mnth        0.489164  0.830386 -0.010473  1.000000 -0.005772  0.018430   \n",
       "hr         -0.004775 -0.006117 -0.003867 -0.005772  1.000000  0.000479   \n",
       "holiday     0.014723 -0.009585  0.006692  0.018430  0.000479  1.000000   \n",
       "weekday     0.001357 -0.002335 -0.004485  0.010400 -0.003498 -0.102088   \n",
       "workingday -0.003416  0.013743 -0.002196 -0.003477  0.002285 -0.252471   \n",
       "weathersit -0.014198 -0.014524 -0.019157  0.005400 -0.020203 -0.017036   \n",
       "temp        0.136178  0.312025  0.040913  0.201691  0.137603 -0.027340   \n",
       "atemp       0.137615  0.319380  0.039222  0.208096  0.133750 -0.030973   \n",
       "hum         0.009577  0.150625 -0.083546  0.164411 -0.276498 -0.010588   \n",
       "windspeed  -0.074505 -0.149773 -0.008740 -0.135386  0.137252  0.003988   \n",
       "casual      0.158295  0.120206  0.142779  0.068457  0.301202  0.031564   \n",
       "registered  0.282046  0.174226  0.253684  0.122273  0.374141 -0.047345   \n",
       "cnt         0.278379  0.178056  0.250495  0.120638  0.394071 -0.030927   \n",
       "\n",
       "             weekday  workingday  weathersit      temp     atemp       hum  \\\n",
       "instant     0.001357   -0.003416   -0.014198  0.136178  0.137615  0.009577   \n",
       "season     -0.002335    0.013743   -0.014524  0.312025  0.319380  0.150625   \n",
       "yr         -0.004485   -0.002196   -0.019157  0.040913  0.039222 -0.083546   \n",
       "mnth        0.010400   -0.003477    0.005400  0.201691  0.208096  0.164411   \n",
       "hr         -0.003498    0.002285   -0.020203  0.137603  0.133750 -0.276498   \n",
       "holiday    -0.102088   -0.252471   -0.017036 -0.027340 -0.030973 -0.010588   \n",
       "weekday     1.000000    0.035955    0.003311 -0.001795 -0.008821 -0.037158   \n",
       "workingday  0.035955    1.000000    0.044672  0.055390  0.054667  0.015688   \n",
       "weathersit  0.003311    0.044672    1.000000 -0.102640 -0.105563  0.418130   \n",
       "temp       -0.001795    0.055390   -0.102640  1.000000  0.987672 -0.069881   \n",
       "atemp      -0.008821    0.054667   -0.105563  0.987672  1.000000 -0.051918   \n",
       "hum        -0.037158    0.015688    0.418130 -0.069881 -0.051918  1.000000   \n",
       "windspeed   0.011502   -0.011830    0.026226 -0.023125 -0.062336 -0.290105   \n",
       "casual      0.032721   -0.300942   -0.152628  0.459616  0.454080 -0.347028   \n",
       "registered  0.021578    0.134326   -0.120966  0.335361  0.332559 -0.273933   \n",
       "cnt         0.026900    0.030284   -0.142426  0.404772  0.400929 -0.322911   \n",
       "\n",
       "            windspeed    casual  registered       cnt  \n",
       "instant     -0.074505  0.158295    0.282046  0.278379  \n",
       "season      -0.149773  0.120206    0.174226  0.178056  \n",
       "yr          -0.008740  0.142779    0.253684  0.250495  \n",
       "mnth        -0.135386  0.068457    0.122273  0.120638  \n",
       "hr           0.137252  0.301202    0.374141  0.394071  \n",
       "holiday      0.003988  0.031564   -0.047345 -0.030927  \n",
       "weekday      0.011502  0.032721    0.021578  0.026900  \n",
       "workingday  -0.011830 -0.300942    0.134326  0.030284  \n",
       "weathersit   0.026226 -0.152628   -0.120966 -0.142426  \n",
       "temp        -0.023125  0.459616    0.335361  0.404772  \n",
       "atemp       -0.062336  0.454080    0.332559  0.400929  \n",
       "hum         -0.290105 -0.347028   -0.273933 -0.322911  \n",
       "windspeed    1.000000  0.090287    0.082321  0.093234  \n",
       "casual       0.090287  1.000000    0.506618  0.694564  \n",
       "registered   0.082321  0.506618    1.000000  0.972151  \n",
       "cnt          0.093234  0.694564    0.972151  1.000000  "
      ]
     },
     "execution_count": 87,
     "metadata": {},
     "output_type": "execute_result"
    }
   ],
   "source": [
    "df_num = df_hour.drop(\"dteday\", axis=1)\n",
    "df_num.corr()"
   ]
  },
  {
   "cell_type": "markdown",
   "metadata": {
    "id": "ru-xlbd44IAY"
   },
   "source": [
    "## Q.15 Based on your analysis, provide a brief summary of any insights or patterns you discovered in the dataset."
   ]
  },
  {
   "cell_type": "raw",
   "metadata": {
    "id": "15NUIdxK4I03"
   },
   "source": [
    "1.\tApparent temperature and actual temperature are almost identical in this dataset (Correlation = 0.999).\n",
    "2.\tHigh humidity correlates with lower bike rentals (Correlation = -0.733).\n",
    "3.\tTotal bike rentals are heavily influenced by both casual (Correlation = 0.876) and registered (Correlation = 0.987) users, with a stronger dependency on registered users.\n",
    "4.\tNegative Impact of Weather Conditions:\n",
    "\t•\tWeather Situation (weathersit) has a negative correlation with total bike rentals (cnt): -0.605.\n",
    "\t•\tBad weather (like heavy rain or snow) reduces bike usage significantly.\n",
    "5.\tSeasonal Trends:\n",
    "\t•\tModerate positive correlation between season and temperature (temp): 0.340.\n",
    "\t•\tThis indicates warmer seasons (like spring/summer) lead to increased bike rentals.\n",
    "\n",
    "Summary of Insights:\n",
    "\t1.\tPeak Rental Hours: Higher correlations between hr and cnt suggest specific peak hours for bike usage, likely during commuting times.\n",
    "\t2.\tWeather Sensitivity: Bad weather and high humidity negatively impact rentals, implying a preference for fair weather biking.\n",
    "\t3.\tUser Types: Registered users contribute more consistently to total rentals compared to casual users.\n",
    "\t4.\tTemperature Influence: Warmer weather correlates with increased rentals, particularly during summer and spring seasons."
   ]
  },
  {
   "cell_type": "markdown",
   "metadata": {
    "id": "iMGro15Q5WhF"
   },
   "source": [
    "## Q.16 In which season (Spring, Summer, Fall, Winter) people rented bikes the most?"
   ]
  },
  {
   "cell_type": "code",
   "execution_count": 88,
   "metadata": {
    "id": "KhlVV_bK5jxm"
   },
   "outputs": [
    {
     "name": "stdout",
     "output_type": "stream",
     "text": [
      "3\n"
     ]
    }
   ],
   "source": [
    "# 1:winter, 2:spring, 3:summer, 4:fall\n",
    "season_rentals = df_hour.groupby(\"season\")[\"cnt\"].sum()\n",
    "print(season_rentals.idxmax())"
   ]
  },
  {
   "cell_type": "markdown",
   "metadata": {
    "id": "eudb_1Lb5sVc"
   },
   "source": [
    "## Q.17 What is the peak hour in which bike rents the most?"
   ]
  },
  {
   "cell_type": "code",
   "execution_count": 89,
   "metadata": {
    "id": "p0xSgv8g50yt"
   },
   "outputs": [
    {
     "name": "stdout",
     "output_type": "stream",
     "text": [
      "17\n"
     ]
    }
   ],
   "source": [
    "hour_rentals = df_hour.groupby(\"hr\")[\"cnt\"].sum()\n",
    "print(hour_rentals.idxmax())"
   ]
  },
  {
   "cell_type": "markdown",
   "metadata": {
    "id": "y7rArqGQ6ji4"
   },
   "source": [
    "## Q.18 In which day of a week bikes rents out most?"
   ]
  },
  {
   "cell_type": "code",
   "execution_count": 90,
   "metadata": {
    "id": "6GPCbpsx6oYE"
   },
   "outputs": [
    {
     "name": "stdout",
     "output_type": "stream",
     "text": [
      "5\n"
     ]
    }
   ],
   "source": [
    "day_rentals = df_hour.groupby(\"weekday\")[\"cnt\"].sum()\n",
    "print(day_rentals.idxmax())"
   ]
  },
  {
   "cell_type": "markdown",
   "metadata": {
    "id": "bFO_Twk66qw-"
   },
   "source": [
    "## Q.19 In which hour Casual users rents bikes the most?"
   ]
  },
  {
   "cell_type": "code",
   "execution_count": 91,
   "metadata": {
    "id": "59CHoEUt66GR"
   },
   "outputs": [
    {
     "name": "stdout",
     "output_type": "stream",
     "text": [
      "14\n"
     ]
    }
   ],
   "source": [
    "hour_rentals = df_hour.groupby(\"hr\")[\"casual\"].sum()\n",
    "print(hour_rentals.idxmax())"
   ]
  },
  {
   "cell_type": "markdown",
   "metadata": {
    "id": "wtvgNN-U69rh"
   },
   "source": [
    "## Q.20 What is the maximum temperature observed in each of the seasons?"
   ]
  },
  {
   "cell_type": "code",
   "execution_count": 92,
   "metadata": {
    "id": "U_NwDHv57tLT"
   },
   "outputs": [
    {
     "name": "stdout",
     "output_type": "stream",
     "text": [
      "season\n",
      "1    0.72\n",
      "2    0.94\n",
      "3    1.00\n",
      "4    0.76\n",
      "Name: temp, dtype: float64\n"
     ]
    }
   ],
   "source": [
    "max_temp = df_hour.groupby(\"season\")[\"temp\"].max()\n",
    "print(max_temp)"
   ]
  }
 ],
 "metadata": {
  "colab": {
   "provenance": []
  },
  "kernelspec": {
   "display_name": "Python 3 (ipykernel)",
   "language": "python",
   "name": "python3"
  },
  "language_info": {
   "codemirror_mode": {
    "name": "ipython",
    "version": 3
   },
   "file_extension": ".py",
   "mimetype": "text/x-python",
   "name": "python",
   "nbconvert_exporter": "python",
   "pygments_lexer": "ipython3",
   "version": "3.12.7"
  }
 },
 "nbformat": 4,
 "nbformat_minor": 4
}
